36 34 31 28 17 
35 31 27 26 25 20 18 17 15 6 
39 36 21 19 9 7 4 
35 20 15 11 6 
39 36 21 19 9 7 2 
32 16 14 
35 20 15 11 1 3 
39 36 22 21 19 9 2 4 
33 30 14 
36 21 19 2 4 7 
31 27 26 25 24 18 17 13 
35 20 15 3 6 
37 34 31 28 22 17 
27 24 18 10 
33 30 16 5 8 
35 31 26 25 20 17 1 3 6 11 
37 30 5 14 
34 31 28 26 25 18 0 1 10 12 15 
31 27 26 25 24 1 10 13 17 
21 2 4 7 9 
35 26 1 3 6 11 15 
2 4 7 9 19 
39 37 29 7 12 
38 32 29 
27 10 13 18 
34 31 27 26 1 10 15 17 18 
34 31 27 1 10 15 17 18 20 25 
31 1 10 13 18 24 25 26 
39 36 34 31 0 12 17 
38 37 32 22 23 
33 8 14 16 
34 0 1 10 12 15 17 18 25 26 27 28 
38 5 23 29 
8 14 30 
0 12 17 25 26 28 31 
1 3 6 11 15 20 
39 0 2 4 7 9 28 
12 16 22 29 
23 29 32 
2 4 7 22 28 36 
