0.7801603911549438 0.49474860768712914
0.5249831588690298 0.14953665513987202
0.8085335344099086 0.7696330846542071
0.2599134798656856 0.14485659826020547
0.7353838928272886 0.8089961609345658
0.09088671576431506 0.7222846879290787
0.313999018186756 0.01876171413125327
0.6824813442515916 0.8016111783687677
0.20128789391122526 0.43196344222361227
0.8551947714242674 0.9011339078096633
0.7581736589784409 0.24026772497187532
0.25311953895059136 0.10321622277398101
0.4813859169876731 0.5006237737207431
0.9112422509614865 0.1839028760606296
0.04580558670435442 0.5886703168399895
0.4582523173083307 0.1735506267461867
0.12939557977525573 0.690016328140396
0.607698913404794 0.362322730884702
0.719569201584275 0.13985272363426526
0.8860336256842246 0.891868301175821
0.4238357358399233 0.026771817842421997
0.8252497121120052 0.9532681441921305
0.47415009287034726 0.7353428557575755
0.26253385360950576 0.9768234503830939
0.9363713903322148 0.13022993020357043
0.6243437191127235 0.21665962402659544
0.5572917679006295 0.2083567880838434
0.7482655725962591 0.12631654071213483
0.6435799740880603 0.5488515965193208
0.34509802713919313 0.8800306496459869
0.021423673670808885 0.4666482714834408
0.640952694324525 0.3232711412508066
0.17440205342790494 0.9528527425842739
0.1332965908314021 0.3996510641743197
0.583993110207876 0.42704536740474663
0.3073865727705063 0.09186645974288632
0.740625863119245 0.68128520136847
0.3345284735051981 0.6569436279895382
0.17972981733780147 0.999395685828547
0.6315322816286787 0.7311657634689946
